0.532261001969 0.467738998031
0.666179314613 0.333820685387
0.698927663464 0.301072336536
0.457959346515 0.20825245692 0.333788196565
6.49772623204e-05 0.551526934125 0.448408088613
0.0706138839661 0.179191147406 0.327729012079 0.422465956549
0.555847872956 0.444152127044
0.77124709117 0.22875290883
0.819395695409 0.180604304591
0.771052547082 0.228947452918
0.496198901337 0.503801098663
0.762475915293 0.237524084707
0.711988395331 0.288011604669
0.58255365753 0.41744634247
0.751169660474 0.248830339526
0.720370152555 0.279629847445
0.605750265694 0.394249734306
0.476120709413 0.523879290587
0.458544431252 0.207667372139 0.33378819661
